12,22
13,16
12,21
12,20
12,19
4294967278,391
13,15
4294967278,390
12,18
12,17
13,14
13,13
12,16
12,15
12,14
12,13
13,12
12,12
12,11
12,10
12,9
4294967278,389
4294967278,388
12,8
12,7
13,11
11,146
4294967279,518
4294967279,517
4294967278,387
4294967278,386
4294967278,385
4294967279,516
4294967279,515
4294967279,514
4294967279,513
4294967279,512
4294967278,384
11,145
11,144
11,143
11,142
11,141
11,140
11,139
11,138
11,137
11,136
11,135
4294967278,383
11,134
4294967278,382
11,133
11,127
4294967278,381
11,126
11,125
11,124
11,123
11,122
13,10
13,9
11,121
11,120
4294967278,380
4294967278,379
4294967278,378
4294967278,377
11,132
4294967278,376
4294967278,375
4294967278,374
4294967278,373
4294967278,372
4294967278,371
4294967278,370
4294967278,369
4294967278,368
4294967294,1422
4294967294,393
4294967294,1433
4294967294,1432
4294967294,1431
4294967294,1430
4294967279,453
4294967279,452
15,21
15,20
4294967294,1429
4294967294,1428
4294967294,476
17,11
17,10
17,9
17,8
17,7
17,6
17,5
16,6
16,5
4294967294,1419
4294967279,451
4294967279,450
4294967279,449
4294967279,448
4294967279,447
4294967279,446
4294967279,445
4294967279,444
4294967279,443
4294967279,442
4294967279,441
4294967279,440
4294967279,439
4294967278,367
4294967279,438
4294967294,1427
15,19
15,18
15,17
15,16
15,15
15,14
15,13
15,12
15,11
15,10
15,9
15,8
15,7
15,6
4294967278,366
15,5
17,4
17,3
17,2
17,1
4294967279,437
4294967294,475
16,4
16,3
16,2
16,1
15,4
15,3
15,2
15,1
4294967279,436
4294967279,435
11,131
4294967279,434
4294967278,365
4294967278,364
4294967278,363
4294967279,433
4294967278,362
4294967278,361
4294967279,432
4294967278,360
4294967279,431
4294967278,359
11,130
11,119
11,83
4294967294,474
4294967278,340
4294967293,131
4294967293,130
4294967293,129
4294967293,128
4294967293,127
4294967293,126
4294967293,125
4294967293,124
4294967293,123
4294967293,122
4294967293,121
4294967293,120
4294967293,119
4294967293,118
4294967293,117
4294967293,116
4294967293,115
4294967293,114
4294967293,113
4294967293,112
4294967293,111
4294967293,110
4294967293,109
4294967293,108
4294967293,107
4294967293,106
4294967293,105
4294967293,104
4294967293,103
4294967293,102
4294967293,101
4294967293,100
4294967293,99
4294967293,98
4294967293,97
4294967293,96
4294967293,95
4294967293,94
4294967293,93
4294967293,92
4294967293,91
4294967293,90
4294967293,89
4294967293,88
4294967293,87
4294967293,86
4294967293,85
4294967293,84
4294967293,83
4294967293,82
4294967293,81
4294967293,80
4294967293,79
4294967293,78
4294967293,77
4294967293,76
4294967293,75
4294967293,74
4294967293,73
4294967293,72
4294967293,71
4294967293,70
4294967293,69
4294967293,68
4294967293,67
4294967293,66
4294967293,65
4294967293,64
4294967293,63
4294967293,62
4294967293,61
4294967293,60
4294967293,59
4294967293,58
4294967293,57
4294967293,56
4294967293,55
4294967293,54
4294967293,53
4294967293,52
4294967293,51
4294967293,50
4294967293,49
4294967293,48
4294967293,47
4294967293,46
4294967293,45
4294967293,44
4294967293,43
4294967293,42
4294967293,41
4294967293,40
4294967293,39
4294967293,38
4294967293,37
4294967293,36
4294967293,35
4294967293,34
4294967293,33
4294967293,32
4294967293,31
4294967293,30
4294967293,29
4294967293,28
4294967293,27
4294967293,26
4294967293,25
4294967293,24
4294967293,23
4294967293,22
4294967293,21
4294967293,20
4294967293,19
4294967293,18
4294967293,17
4294967293,16
4294967293,15
4294967293,14
4294967293,13
4294967293,12
4294967293,11
4294967293,10
4294967293,9
4294967293,8
4294967293,7
4294967293,6
4294967293,5
4294967293,4
4294967293,3
4294967293,2
4243767290,0
4243767289,0
4243767288,0
4243767287,0
4243767286,0
4243767285,0
4243767284,0
4243767283,0
4243767282,0
4243767281,0
4294967293,0
4294967279,312
4294967279,192
4294967279,76
4294967279,193
4294967279,313
4294967279,77
4294967279,78
4294967279,79
4294967279,314
4294967279,315
4294967279,194
4294967279,316
4294967279,195
4294967279,196
4294967279,197
4294967279,80
4294967279,81
4294967279,317
4294967279,82
4294967279,83
4294967279,318
4294967279,319
4294967279,384
4294967279,198
4294967279,199
4294967279,200
4294967279,201
4294967279,84
4294967279,85
4294967279,385
4294967279,386
4294967279,86
4294967279,87
4294967279,387
4294967279,202
4294967279,203
4294967279,388
4294967279,204
4294967279,89
4294967279,90
4294967279,205
4294967279,91
4294967279,390
4294967279,389
4294967279,92
4294967279,391
